public/assets/testData/windData/Z_NAFP_C_CUIT_20230501233200_P_RAMS_100M_CD_UV_0m_202305020000.json
{"header": { "discipline": 0, "disciplineName": "Meteorological products", "gribEdition": 2, "gribLength": 100, "center": 7, "centerName": "US National Weather Service - NCEP(WMC)", "subcenter": 0, "refTime": "2023-05-02 00:00:00", "significanceOfRT": 1, "significanceOfRTName": "Start of forecast", "productStatus": 0, "productStatusName": "Operational products", "productType": 1, "productTypeName": "Forecast products", "productDefinitionTemplate": 0, "productDefinitionTemplateName": "Analysis/forecast at horizontal level/layer at a point in time", "parameterCategory": 2, "parameterCategoryName": "Momentum", "parameterNumber": 3, "parameterNumberName": "V-component_of_wind", "parameterUnit": "m.s-1", "genProcessType": 2, "genProcessTypeName": "Forecast", "forecastTime": 0, "surface1Type": 103, "surface1TypeName": "Specified height level above ground", "surface1Value": 10.0, "surface2Type": 255, "surface2TypeName": "Missing", "surface2Value": 0.0, "gridDefinitionTemplate": 0, "gridDefinitionTemplateName": "Latitude_Longitude", "numberPoints": 40704, "shape": 6, "shapeName": "Earth spherical with radius of 6,371,229.0 m", "gridUnits": "degrees", "resolution": 48, "winds": "true", "scanMode": 0, "nx": 192, "ny": 212, "basicAngle": 0, "subDivisions": 0, "height": 0, "lo1": 103.84505462646484, "la1": 30.6503963470459, "lo2": 104.06537628173828, "la2": 30.478517532348633, "dx": 0.0011475086212158203, "dy": 0.0008107491259304983 }, "data":
[rows 19 to 37 of 212, columns 0 to 41 of 192]
-0.5408774614334106,-0.542849063873291,-0.544804573059082,-0.5468015074729919,-0.5487428903579712,-0.5506539940834045,-0.5525571703910828,-0.5544964671134949,-0.556369423866272,-0.5582176446914673,-0.5600484013557434,-0.5618622303009033,-0.5637096762657166,-0.5654904842376709,-0.5672540068626404,-0.5689988136291504,-0.5707715153694153,-0.5724775791168213,-0.5741643905639648,-0.5758301615715027,-0.5774737596511841,-0.5790958404541016,-0.5807402729988098,-0.5823190212249756,-0.5838767290115356,-0.5854129791259766,-0.5869691371917725,-0.5884619951248169,-0.5899335145950317,-0.5913919806480408,-0.5928205847740173,-0.5942652225494385,-0.5956489443778992,-0.5970103740692139,-0.5983854532241821,-0.5997022390365601,-0.6010064482688904,-0.6022802591323853,-0.603532075881958,-0.6047613620758057,-0.6060008406639099,-0.6071889996528625
-0.49946850538253784,-0.5017238855361938,-0.5039565563201904,-0.5061680674552917,-0.5083575248718262,-0.5105834603309631,-0.5127233862876892,-0.5148591995239258,-0.5170040726661682,-0.5192193984985352,-0.5213770866394043,-0.523509681224823,-0.5256249308586121,-0.5277320146560669,-0.5298938751220703,-0.5319769978523254,-0.5340545177459717,-0.536117434501648,-0.5382272005081177,-0.5402672290802002,-0.5422828197479248,-0.5442808866500854,-0.5462626218795776,-0.5482853055000305,-0.5502434372901917,-0.5521756410598755,-0.5540987253189087,-0.5560578107833862,-0.5579495429992676,-0.5598156452178955,-0.5616637468338013,-0.5634950399398804,-0.565361499786377,-0.5671610832214355,-0.5689438581466675,-0.5707078576087952,-0.5725003480911255,-0.574225664138794,-0.5759317874908447,-0.5776168704032898,-0.5792796611785889,-0.5809207558631897
-0.44952768087387085,-0.45235180854797363,-0.45521965622901917,-0.45797237753868103,-0.46069031953811646,-0.4633731245994568,-0.46602314710617065,-0.46848443150520325,-0.4711361527442932,-0.4736790657043457,-0.4761998653411865,-0.4787791073322296,-0.4812549948692322,-0.4837071895599365,-0.4861333966255188,-0.4885419011116028,-0.4909346103668213,-0.49338001012802124,-0.49573200941085815,-0.4980573356151581,-0.5004280805587769,-0.5027030110359192,-0.5049546360969543,-0.5071847438812256,-0.5093926191329956,-0.5116027593612671,-0.5137938261032104,-0.515947699546814,-0.5181124806404114,-0.5203496217727661,-0.5225245952606201,-0.5246797800064087,-0.5268228650093079,-0.5289534330368042,-0.5311449766159058,-0.5332520008087158,-0.5353477001190186,-0.5374339818954468,-0.5395677089691162,-0.5416311025619507,-0.5436701774597168,-0.545691967010498
-0.5177661776542664,-0.5139704942703247,-0.5101168751716614,-0.5062273144721985,-0.502292275428772,-0.49760323762893677,-0.4936237335205078,-0.48964911699295044,-0.4856681227684021,-0.481557697057724,-0.47755974531173706,-0.4735524356365204,-0.46953463554382324,-0.4654853940010071,-0.4613152742385864,-0.4583360254764557,-0.43774279952049255,-0.44123566150665283,-0.44418102502822876,-0.44717663526535034,-0.4500555694103241,-0.4529044032096863,-0.4557546079158783,-0.45856964588165283,-0.461309015750885,-0.4640127718448639,-0.466680645942688,-0.46916043758392334,-0.47183042764663696,-0.474396288394928,-0.4769399166107178,-0.47953683137893677,-0.482033371925354,-0.48450660705566406,-0.48695409297943115,-0.4893840253353119,-0.4918016791343689,-0.4942694306373596,-0.4966394901275635,-0.49898654222488403,-0.5013795495033264,-0.5036761164665222
-0.5853606462478638,-0.5826736688613892,-0.5798743963241577,-0.5770841240882874,-0.5742313861846924,-0.5712993144989014,-0.5683310627937317,-0.5652572512626648,-0.5621196031570435,-0.5589667558670044,-0.5557446479797363,-0.5523799657821655,-0.5490554571151733,-0.5456664562225342,-0.542233943939209,-0.5387459993362427,-0.5350972414016724,-0.5314967632293701,-0.5278436541557312,-0.5241402387619019,-0.5202778577804565,-0.516477108001709,-0.5126075744628906,-0.5087112188339233,-0.5047669410705566,-0.5000758767127991,-0.4960963726043701,-0.4921104907989502,-0.48805665969848633,-0.4839935898780823,-0.47998183965682983,-0.4759599268436432,-0.471926748752594,-0.46786147356033325,-0.4636741280555725,-0.4606584310531616,-0.4381493926048279,-0.4416798949241638,-0.4446508288383484,-0.44767045974731445,-0.4505724310874939,-0.4534417390823364
-0.6305841207504272,-0.6293724179267883,-0.6280571222305298,-0.6265817880630493,-0.6249383687973022,-0.6231288909912109,-0.6211592555046082,-0.6191138625144958,-0.616939902305603,-0.6146942377090454,-0.6123703718185425,-0.6100283861160278,-0.6076590418815613,-0.6053705215454102,-0.6030675172805786,-0.6007176637649536,-0.5982954502105713,-0.5958191752433777,-0.5932183265686035,-0.5906368494033813,-0.5880027413368225,-0.5853211283683777,-0.5825058817863464,-0.5797004699707031,-0.5768432021141052,-0.5739184021949768,-0.570946455001831,-0.5678224563598633,-0.564723014831543,-0.5615615844726562,-0.5582929849624634,-0.5549657344818115,-0.5516201257705688,-0.5482193231582642,-0.5447750091552734,-0.5412768125534058,-0.5376205444335938,-0.5340152978897095,-0.5303587913513184,-0.5265974998474121,-0.5227863788604736,-0.5189832448959351
-0.6445138454437256,-0.6442907452583313,-0.6440395712852478,-0.6437692642211914,-0.6434586048126221,-0.6431322693824768,-0.6427664160728455,-0.642389178276062,-0.6419922113418579,-0.6415755152702332,-0.6411358714103699,-0.6406552195549011,-0.6401598453521729,-0.6396293640136719,-0.6389964818954468,-0.6382889747619629,-0.637473464012146,-0.6365752220153809,-0.6355984210968018,-0.634496808052063,-0.6333295702934265,-0.6321296095848083,-0.6308379173278809,-0.6293492317199707,-0.6277210712432861,-0.625910758972168,-0.6239485740661621,-0.6218980550765991,-0.6197189092636108,-0.6174676418304443,-0.6151371002197266,-0.6127870082855225,-0.6104077100753784,-0.6081074476242065,-0.6057915687561035,-0.6034281253814697,-0.6009922027587891,-0.5985006093978882,-0.5958843231201172,-0.5932891964912415,-0.5906448364257812,-0.587944746017456
-0.6458426117897034,-0.6462125182151794,-0.6465518474578857,-0.646856963634491,-0.6471324563026428,-0.6473610997200012,-0.6475554704666138,-0.6477193236351013,-0.6478605270385742,-0.647966742515564,-0.6480429172515869,-0.6480892896652222,-0.6481057405471802,-0.6480921506881714,-0.6480472087860107,-0.6479734182357788,-0.6478685736656189,-0.647730827331543,-0.6475656032562256,-0.6473808288574219,-0.6471839547157288,-0.6469733715057373,-0.6467366814613342,-0.6464813947677612,-0.6461858749389648,-0.6458777189254761,-0.6455296277999878,-0.6451656818389893,-0.644762396812439,-0.6443547010421753,-0.643907904624939,-0.6434180736541748,-0.6429128050804138,-0.6423681974411011,-0.6417204141616821,-0.6410017013549805,-0.64018315076828,-0.6392884254455566,-0.6383191347122192,-0.637210488319397,-0.63606858253479,-0.6348695158958435
-0.6343177556991577,-0.6352735757827759,-0.6362017393112183,-0.6371132135391235,-0.6379796266555786,-0.6388288736343384,-0.6396740078926086,-0.6404902935028076,-0.6412421464920044,-0.6420080661773682,-0.6427276134490967,-0.6434213519096375,-0.6440903544425964,-0.6447386145591736,-0.6453756093978882,-0.6459605097770691,-0.646502673625946,-0.6470032930374146,-0.647480845451355,-0.6479136943817139,-0.6483204364776611,-0.6486996412277222,-0.6490480303764343,-0.6493625640869141,-0.6496485471725464,-0.6498881578445435,-0.6500937938690186,-0.6502718925476074,-0.6504215598106384,-0.6505392789840698,-0.6506267786026001,-0.6506836414337158,-0.6507091522216797,-0.6507035493850708,-0.6506654024124146,-0.6505980491638184,-0.6504991054534912,-0.6503653526306152,-0.6502038836479187,-0.6500248908996582,-0.6498377323150635,-0.6496404409408569
-0.6112624406814575,-0.6127671003341675,-0.614288330078125,-0.6157428026199341,-0.6171773672103882,-0.618575930595398,-0.6199479699134827,-0.621286153793335,-0.6226444840431213,-0.6239503622055054,-0.6252220273017883,-0.6265009641647339,-0.6277177929878235,-0.6289069056510925,-0.6300691366195679,-0.6312054991722107,-0.632317066192627,-0.6334335803985596,-0.6345031261444092,-0.6355257630348206,-0.6365550756454468,-0.6375265121459961,-0.6384695768356323,-0.6393953561782837,-0.6402758359909058,-0.6411504745483398,-0.6419973373413086,-0.6428166627883911,-0.6435912847518921,-0.644370436668396,-0.6451025605201721,-0.6458086967468262,-0.6464899778366089,-0.6471502780914307,-0.6477994918823242,-0.648395836353302,-0.6489388942718506,-0.6494606733322144,-0.6499489545822144,-0.6503920555114746,-0.6507981419563293,-0.651197075843811
-0.5779010653495789,-0.5799154043197632,-0.5818406343460083,-0.5837446451187134,-0.5856796503067017,-0.5875380039215088,-0.5893752574920654,-0.5911940336227417,-0.5929969549179077,-0.5947834253311157,-0.5966002941131592,-0.5983470678329468,-0.6000717282295227,-0.601775586605072,-0.6035043001174927,-0.6051638126373291,-0.6067999601364136,-0.6084133386611938,-0.6100038290023804,-0.6116141080856323,-0.6131582260131836,-0.6146810054779053,-0.6162002682685852,-0.6176925897598267,-0.6191436052322388,-0.6205576658248901,-0.6219446659088135,-0.623297393321991,-0.6246705055236816,-0.6259896755218506,-0.6272745132446289,-0.6285677552223206,-0.6297999620437622,-0.6310058832168579,-0.6321855783462524,-0.6333397626876831,-0.634469211101532,-0.6356045007705688,-0.6366830468177795,-0.6377328634262085,-0.63877934217453,-0.6397665739059448
-0.536232590675354,-0.5385162830352783,-0.5407902002334595,-0.5431182384490967,-0.5453639030456543,-0.5475997924804688,-0.5498825311660767,-0.5520937442779541,-0.554280161857605,-0.5564470291137695,-0.558597207069397,-0.5607284307479858,-0.5629212856292725,-0.5650366544723511,-0.5671383738517761,-0.5692822933197021,-0.5713470578193665,-0.5733951330184937,-0.5754251480102539,-0.5774346590042114,-0.5794217586517334,-0.5814558267593384,-0.5834000110626221,-0.5853228569030762,-0.5872771143913269,-0.5891538858413696,-0.5910093784332275,-0.5928465127944946,-0.594667911529541,-0.5964728593826294,-0.5983089208602905,-0.6000741720199585,-0.6018171310424805,-0.6035394668579102,-0.6052870750427246,-0.6069647073745728,-0.6086189150810242,-0.6102501749992371,-0.6118583679199219,-0.6134868860244751,-0.6150486469268799,-0.616588830947876
-0.4877600371837616,-0.4904075860977173,-0.49302974343299866,-0.4956337809562683,-0.49822112917900085,-0.500784158706665,-0.5034036636352539,-0.5059257745742798,-0.5084360837936401,-0.510995626449585,-0.5134560465812683,-0.5159001350402832,-0.5183227062225342,-0.520723283290863,-0.5231013298034668,-0.5255414247512817,-0.5279072523117065,-0.5302693843841553,-0.532692551612854,-0.5350309014320374,-0.5373502969741821,-0.5396521687507629,-0.5419439077377319,-0.5442858934402466,-0.5465503931045532,-0.5488056540489197,-0.5511085987091064,-0.5533448457717896,-0.5555511713027954,-0.5577328205108643,-0.5599031448364258,-0.5620599985122681,-0.5642733573913574,-0.5664085149765015,-0.5685300230979919,-0.5706942081451416,-0.5727784633636475,-0.5748518705368042,-0.5769011974334717,-0.578930139541626,-0.5809370279312134,-0.5829852819442749
-0.4909207820892334,-0.4867017865180969,-0.48253005743026733,-0.4792413115501404,-0.4408535361289978,-0.44463014602661133,-0.44778478145599365,-0.45094820857048035,-0.45407620072364807,-0.4571245610713959,-0.46013861894607544,-0.4632003903388977,-0.46614110469818115,-0.4690430164337158,-0.47190749645233154,-0.4745398163795471,-0.4773319959640503,-0.4801810383796692,-0.4829219579696655,-0.48564213514328003,-0.4883783161640167,-0.4910901188850403,-0.4937383830547333,-0.49636542797088623,-0.49897247552871704,-0.5015576481819153,-0.5042027235031128,-0.5067468881607056,-0.509276270866394,-0.511820912361145,-0.5143423080444336,-0.5168092250823975,-0.5192550420761108,-0.5216794013977051,-0.5240812301635742,-0.5265449285507202,-0.5289361476898193,-0.5313183069229126,-0.5337611436843872,-0.5361180305480957,-0.5384559035301208,-0.5407754182815552
-0.5721839666366577,-0.5687158107757568,-0.5651928186416626,-0.5615193843841553,-0.5579129457473755,-0.5542685985565186,-0.5504597425460815,-0.5467218160629272,-0.5429333448410034,-0.5391037464141846,-0.535213828086853,-0.5312744379043579,-0.5271468162536621,-0.5223274230957031,-0.5182587504386902,-0.5140353441238403,-0.5099425911903381,-0.505837082862854,-0.5017179250717163,-0.49758416414260864,-0.49337050318717957,-0.4891285300254822,-0.48494410514831543,-0.48164188861846924,-0.44111883640289307,-0.4449170231819153,-0.4480937719345093,-0.451235830783844,-0.4544306993484497,-0.4575018882751465,-0.4605373442173004,-0.4636245667934418,-0.4665887951850891,-0.4695144593715668,-0.4724029004573822,-0.47506046295166016,-0.4778774678707123,-0.48075300455093384,-0.4835202097892761,-0.48626619577407837,-0.48898690938949585,-0.49176380038261414
-0.6321322917938232,-0.6297848224639893,-0.6274108290672302,-0.6249887943267822,-0.6225041747093201,-0.6199260950088501,-0.6173059940338135,-0.614648699760437,-0.6119537949562073,-0.6091339588165283,-0.6063535213470459,-0.6034913659095764,-0.6005645990371704,-0.597592830657959,-0.5944714546203613,-0.5913742780685425,-0.5882091522216797,-0.5849307775497437,-0.5815776586532593,-0.5782245993614197,-0.574813723564148,-0.5713411569595337,-0.5678138732910156,-0.5641238689422607,-0.5605213642120361,-0.556868314743042,-0.5530387163162231,-0.5492908954620361,-0.5454922914505005,-0.5416517853736877,-0.5377616882324219,-0.5338118672370911,-0.5296749472618103,-0.524864912033081,-0.5207879543304443,-0.5165660381317139,-0.5124530792236328,-0.5083377361297607,-0.5042080283164978,-0.500063419342041,-0.4958379864692688,-0.4915841221809387
-0.6649023294448853,-0.6643311977386475,-0.6636711359024048,-0.6629366874694824,-0.6621031761169434,-0.6612159013748169,-0.6602600812911987,-0.6591657400131226,-0.6580373048782349,-0.6568678617477417,-0.6555663347244263,-0.6541471481323242,-0.6525155305862427,-0.6506828665733337,-0.6486977338790894,-0.6465811729431152,-0.6443856954574585,-0.6420862078666687,-0.6397037506103516,-0.6372418403625488,-0.6348755359649658,-0.6325314044952393,-0.6301724910736084,-0.6277425289154053,-0.6252615451812744,-0.6226519346237183,-0.6200728416442871,-0.6174169778823853,-0.6146787405014038,-0.6118897199630737,-0.6090978384017944,-0.6062229871749878,-0.6032949686050415,-0.6003082990646362,-0.5971715450286865,-0.5940496921539307,-0.5908746719360352,-0.5875416994094849,-0.5842313170433044,-0.5808736681938171,-0.5774579644203186,-0.5739814639091492
-0.6717960834503174,-0.6718770265579224,-0.6719216108322144,-0.6719344854354858,-0.6719158887863159,-0.6718610525131226,-0.6717755198478699,-0.6716654300689697,-0.6715363264083862,-0.6713707447052002,-0.6711957454681396,-0.6709809303283691,-0.6707464456558228,-0.6704874038696289,-0.6701945662498474,-0.6698675155639648,-0.6695027947425842,-0.6691014170646667,-0.6686521768569946,-0.6681817173957825,-0.6676672697067261,-0.667101263999939,-0.6664637923240662,-0.6657396554946899,-0.6649210453033447,-0.6640192866325378,-0.6630567908287048,-0.6619540452957153,-0.6608168482780457,-0.6596358418464661,-0.6583218574523926,-0.6568924188613892,-0.6552554368972778,-0.6534215211868286,-0.6514374017715454,-0.6492968201637268,-0.6471286416053772,-0.6448310017585754,-0.6424509286880493,-0.6399919390678406,-0.6376291513442993,-0.6352893114089966
-0.6655358076095581,-0.6662942171096802,-0.66704261302948,-0.667738139629364,-0.6683981418609619,-0.669022798538208,-0.6696304678916931,-0.6701905727386475,-0.6707227230072021,-0.6712278127670288,-0.6717015504837036,-0.6721391081809998,-0.6725467443466187,-0.6729021072387695,-0.6732208728790283,-0.6735148429870605,-0.6737698912620544,-0.6739927530288696,-0.6741832494735718,-0.6743409633636475,-0.6744659543037415,-0.6745603084564209,-0.6746182441711426,-0.674644410610199,-0.6746393442153931,-0.6745995283126831,-0.6745284795761108,-0.6744295358657837,-0.6743056178092957,-0.6741400361061096,-0.6739499568939209,-0.6737412214279175,-0.673500657081604,-0.6732205152511597,-0.6729171276092529,-0.6725831627845764,-0.672218918800354,-0.67182457447052,-0.671386182308197,-0.6709280014038086,-0.6704372763633728,-0.6698869466781616
