public/assets/testData/windData/Z_NAFP_C_CUIT_20230501233200_P_RAMS_100M_CD_UV_0m_202305020000.json
{"header": { "discipline": 0, "disciplineName": "Meteorological products", "gribEdition": 2, "gribLength": 100, "center": 7, "centerName": "US National Weather Service - NCEP(WMC)", "subcenter": 0, "refTime": "2023-05-02 00:00:00", "significanceOfRT": 1, "significanceOfRTName": "Start of forecast", "productStatus": 0, "productStatusName": "Operational products", "productType": 1, "productTypeName": "Forecast products", "productDefinitionTemplate": 0, "productDefinitionTemplateName": "Analysis/forecast at horizontal level/layer at a point in time", "parameterCategory": 2, "parameterCategoryName": "Momentum", "parameterNumber": 3, "parameterNumberName": "V-component_of_wind", "parameterUnit": "m.s-1", "genProcessType": 2, "genProcessTypeName": "Forecast", "forecastTime": 0, "surface1Type": 103, "surface1TypeName": "Specified height level above ground", "surface1Value": 10.0, "surface2Type": 255, "surface2TypeName": "Missing", "surface2Value": 0.0, "gridDefinitionTemplate": 0, "gridDefinitionTemplateName": "Latitude_Longitude", "numberPoints": 40704, "shape": 6, "shapeName": "Earth spherical with radius of 6,371,229.0 m", "gridUnits": "degrees", "resolution": 48, "winds": "true", "scanMode": 0, "nx": 192, "ny": 212, "basicAngle": 0, "subDivisions": 0, "height": 0, "lo1": 103.84505462646484, "la1": 30.6503963470459, "lo2": 104.06537628173828, "la2": 30.478517532348633, "dx": 0.0011475086212158203, "dy": 0.0008107491259304983 }, "data":
[rows 38 to 56 of 212, columns 126 to 167 of 192]
-0.4494602382183075,-0.4527186453342438,-0.4559887647628784,-0.4592227637767792,-0.46237704157829285,-0.4654943346977234,-0.4686644673347473,-0.4717084765434265,-0.4747171998023987,-0.4774499535560608,-0.4803929328918457,-0.4833204448223114,-0.48630964756011963,-0.48918670415878296,-0.4920347332954407,-0.49489539861679077,-0.4977319836616516,-0.5005005598068237,-0.5032480955123901,-0.5059711933135986,-0.5086715221405029,-0.5114335417747498,-0.5140968561172485,-0.5167416334152222,-0.5194464921951294,-0.5220552682876587,-0.5246371030807495,-0.5272035002708435,-0.5297472476959229,-0.5323137044906616,-0.5348719358444214,-0.5373791456222534,-0.5398674011230469,-0.5424124002456665,-0.5448622703552246,-0.5472886562347412,-0.5496982932090759,-0.552099347114563,-0.5545705556869507,-0.5569679141044617,-0.5593572854995728,-0.5618018507957458
-0.566218376159668,-0.5624287724494934,-0.5585768222808838,-0.554667055606842,-0.5507068634033203,-0.5465845465660095,-0.542521059513092,-0.5378026962280273,-0.533562421798706,-0.5294183492660522,-0.5252703428268433,-0.5211067199707031,-0.5169264078140259,-0.5125994682312012,-0.5083819627761841,-0.5041452646255493,-0.4998883008956909,-0.49635547399520874,-0.4424145817756653,-0.4463759660720825,-0.4496922194957733,-0.4529743194580078,-0.45622390508651733,-0.45952773094177246,-0.4627046585083008,-0.4658457338809967,-0.4690403938293457,-0.4721097946166992,-0.4751425087451935,-0.47789227962493896,-0.48086047172546387,-0.48381394147872925,-0.48683008551597595,-0.48973315954208374,-0.492606520652771,-0.495449960231781,-0.4983510971069336,-0.5011439323425293,-0.5039156675338745,-0.5066629648208618,-0.5093873739242554,-0.5121738910675049
-0.6340612173080444,-0.6314163208007812,-0.6286227703094482,-0.6258220672607422,-0.6229762434959412,-0.6200408935546875,-0.6170523166656494,-0.6139503121376038,-0.610796332359314,-0.607610285282135,-0.6043899059295654,-0.601026177406311,-0.5977058410644531,-0.5943295359611511,-0.5908939838409424,-0.5874027013778687,-0.5837520360946655,-0.5801396369934082,-0.5764970779418945,-0.5726590156555176,-0.5689003467559814,-0.5650898218154907,-0.5612395405769348,-0.5573188066482544,-0.5533365607261658,-0.5492042303085327,-0.5451326966285706,-0.5404307246208191,-0.5361825227737427,-0.5320412516593933,-0.5278845429420471,-0.5237117409706116,-0.5195218324661255,-0.5151844024658203,-0.510956346988678,-0.5067086219787598,-0.5023733377456665,-0.49889469146728516,-0.4425807595252991,-0.4465716481208801,-0.44991186261177063,-0.4532179832458496
-0.6771154999732971,-0.676003098487854,-0.6748246550559998,-0.6735578775405884,-0.6722038388252258,-0.6707262992858887,-0.6690651178359985,-0.6672269701957703,-0.6652504205703735,-0.6631214618682861,-0.6609629392623901,-0.6586775779724121,-0.6563124060630798,-0.6538694500923157,-0.6515237092971802,-0.6492027044296265,-0.6468446254730225,-0.6444615125656128,-0.6420042514801025,-0.639437198638916,-0.6368745565414429,-0.634229302406311,-0.6314331293106079,-0.6286161541938782,-0.6257644891738892,-0.6228228211402893,-0.6198276281356812,-0.6166735887527466,-0.6135566234588623,-0.6103634238243103,-0.6070899963378906,-0.6037691831588745,-0.600445032119751,-0.5970649719238281,-0.5936256647109985,-0.5901310443878174,-0.5864768028259277,-0.5828598141670227,-0.5791996717453003,-0.5753649473190308,-0.5715974569320679,-0.5677777528762817
-0.6882776618003845,-0.6882325410842896,-0.688139021396637,-0.6879943609237671,-0.6878102421760559,-0.6875891089439392,-0.6873260736465454,-0.68702232837677,-0.6866848468780518,-0.6863303184509277,-0.6859622001647949,-0.6856061220169067,-0.6852207779884338,-0.684790849685669,-0.6843514442443848,-0.68387770652771,-0.6833332777023315,-0.6826702356338501,-0.6818608641624451,-0.6809573173522949,-0.679941713809967,-0.6788244247436523,-0.6776412725448608,-0.6763489842414856,-0.6750065684318542,-0.6735231876373291,-0.6718590259552002,-0.6700202822685242,-0.6680445075035095,-0.6659167408943176,-0.6637593507766724,-0.6614755392074585,-0.6591119766235352,-0.6566704511642456,-0.6543254256248474,-0.6520048379898071,-0.6496584415435791,-0.6472631692886353,-0.6447696685791016,-0.6422380208969116,-0.6396746039390564,-0.6370280385017395
-0.6844375133514404,-0.6851011514663696,-0.685725212097168,-0.6863465905189514,-0.6869257688522339,-0.6874648928642273,-0.6879578232765198,-0.6884013414382935,-0.6888147592544556,-0.6891804933547974,-0.6895143389701843,-0.6898123025894165,-0.6900755167007446,-0.6903061866760254,-0.6905117034912109,-0.6906789541244507,-0.6908023953437805,-0.6909160614013672,-0.6909884214401245,-0.6910197734832764,-0.6910282373428345,-0.6909933090209961,-0.6909068822860718,-0.6907666921615601,-0.6905850172042847,-0.690365195274353,-0.6901031732559204,-0.6897982358932495,-0.6894591450691223,-0.6891043186187744,-0.6887389421463013,-0.6883826851844788,-0.6880102753639221,-0.6875877380371094,-0.6871557235717773,-0.6866788864135742,-0.6861432790756226,-0.6854987144470215,-0.6846922636032104,-0.6837882995605469,-0.6827704310417175,-0.6816380023956299
-0.6668920516967773,-0.6681497693061829,-0.6694225072860718,-0.6706390976905823,-0.6718320846557617,-0.6729986667633057,-0.6741374135017395,-0.6752517223358154,-0.6763672828674316,-0.6774200201034546,-0.6784355640411377,-0.6794416904449463,-0.6803865432739258,-0.681300163269043,-0.6821837425231934,-0.6830345392227173,-0.6838766932487488,-0.6846678256988525,-0.6854231357574463,-0.6861729025840759,-0.6869027614593506,-0.6875839233398438,-0.688225507736206,-0.6888647079467773,-0.6894617080688477,-0.6900180578231812,-0.6905273199081421,-0.6909858584403992,-0.6914135217666626,-0.6917933225631714,-0.6921406984329224,-0.6924517154693604,-0.6927274465560913,-0.6929705142974854,-0.6931885480880737,-0.6933679580688477,-0.6935032606124878,-0.6936299800872803,-0.6937127113342285,-0.6937559843063354,-0.6937757730484009,-0.6937508583068848
-0.6373149752616882,-0.639140248298645,-0.6409907341003418,-0.6427626609802246,-0.6445086002349854,-0.6462790966033936,-0.6479860544204712,-0.6496536731719971,-0.6513051986694336,-0.652931272983551,-0.6545538902282715,-0.6561602354049683,-0.6577094197273254,-0.6592491865158081,-0.6607451438903809,-0.6622045040130615,-0.6636236906051636,-0.6650134325027466,-0.6663744449615479,-0.6677404642105103,-0.6690397262573242,-0.6703147888183594,-0.6716050505638123,-0.672838568687439,-0.6740483045578003,-0.6752313375473022,-0.6763862371444702,-0.6775320768356323,-0.6786484718322754,-0.6797168254852295,-0.6807477474212646,-0.6817694902420044,-0.6827294230461121,-0.6836577653884888,-0.6845557689666748,-0.6854202747344971,-0.6862764358520508,-0.6870818138122559,-0.6878527402877808,-0.6886192560195923,-0.6893670558929443,-0.690065860748291
-0.5966098308563232,-0.5989233255386353,-0.6012225151062012,-0.6035192012786865,-0.6058511734008789,-0.6080981492996216,-0.6103233695030212,-0.6125982999801636,-0.6147826313972473,-0.6169421672821045,-0.6190739870071411,-0.6211720705032349,-0.6232513189315796,-0.6253637075424194,-0.6273934841156006,-0.6293994188308716,-0.6314077377319336,-0.6333962678909302,-0.6353215575218201,-0.637218713760376,-0.6390887498855591,-0.640932559967041,-0.6428020000457764,-0.6445915699005127,-0.6463550329208374,-0.6481437683105469,-0.6498690843582153,-0.6515555381774902,-0.6532261371612549,-0.6548712849617004,-0.6565128564834595,-0.6581303477287292,-0.6596983671188354,-0.6612570285797119,-0.6627810001373291,-0.6642501950263977,-0.6656878590583801,-0.667095959186554,-0.6684751510620117,-0.6698597073554993,-0.6711767911911011,-0.672469437122345
-0.5474909543991089,-0.5501869320869446,-0.5527834892272949,-0.5553525686264038,-0.5578993558883667,-0.5604478120803833,-0.5630043745040894,-0.5656458139419556,-0.568209707736969,-0.570763349533081,-0.5733738541603088,-0.5758989453315735,-0.578411340713501,-0.580906867980957,-0.5833821296691895,-0.5859109163284302,-0.5883498191833496,-0.5907688736915588,-0.5932350754737854,-0.5956090688705444,-0.5979628562927246,-0.6002991199493408,-0.6026204228401184,-0.6049383282661438,-0.6072916984558105,-0.6095590591430664,-0.6118043661117554,-0.6140930652618408,-0.6162965297698975,-0.6184755563735962,-0.6206276416778564,-0.622753381729126,-0.6248538494110107,-0.6269882917404175,-0.6290394067764282,-0.6310669183731079,-0.6330691576004028,-0.6351000070571899,-0.6370456218719482,-0.6389622688293457,-0.6408513188362122,-0.6427137851715088
-0.49056190252304077,-0.49365806579589844,-0.4967280328273773,-0.4997708201408386,-0.5028789043426514,-0.5058746337890625,-0.5088509917259216,-0.5118070244789124,-0.5147409439086914,-0.5176514387130737,-0.5206261873245239,-0.5234854221343994,-0.5263234376907349,-0.5292192697525024,-0.5320119857788086,-0.5347862243652344,-0.5375356078147888,-0.5402631759643555,-0.5430509448051453,-0.5457332134246826,-0.5483970642089844,-0.551112711429596,-0.553727924823761,-0.5563148260116577,-0.5588830709457397,-0.5614457130432129,-0.5640223026275635,-0.5666859149932861,-0.5692721605300903,-0.5718487501144409,-0.5744829177856445,-0.5770316123962402,-0.5795679688453674,-0.5820873975753784,-0.5845863819122314,-0.587139368057251,-0.5896018147468567,-0.5920442342758179,-0.5945344567298889,-0.5969319343566895,-0.5993090867996216,-0.6016682386398315
-0.5407230257987976,-0.5364289283752441,-0.5321124792098999,-0.5276502370834351,-0.5232965350151062,-0.5197123289108276,-0.44335824251174927,-0.4476339817047119,-0.45116934180259705,-0.4546709656715393,-0.4581384062767029,-0.46157118678092957,-0.46506550908088684,-0.46842893958091736,-0.4717549681663513,-0.47513991594314575,-0.4783923625946045,-0.48137813806533813,-0.48456668853759766,-0.48773324489593506,-0.4909701347351074,-0.4940915107727051,-0.4971860945224762,-0.5002524256706238,-0.5033868551254272,-0.5064084529876709,-0.5094131231307983,-0.512395977973938,-0.5153568983078003,-0.5182938575744629,-0.5212922096252441,-0.5241758227348328,-0.5270377397537231,-0.5299577713012695,-0.5327738523483276,-0.5355745553970337,-0.5383438467979431,-0.5410937070846558,-0.5438618659973145,-0.5466060638427734,-0.549289345741272,-0.5519877672195435
-0.622847318649292,-0.6194503307342529,-0.6159818172454834,-0.612339973449707,-0.6087430715560913,-0.6050984859466553,-0.6012830138206482,-0.5975159406661987,-0.5936681032180786,-0.589789867401123,-0.5858591198921204,-0.5817574262619019,-0.5777207612991333,-0.5736361742019653,-0.5695061683654785,-0.5647403001785278,-0.5605520009994507,-0.5563448071479797,-0.5521179437637329,-0.5478472709655762,-0.5434603691101074,-0.5391569137573242,-0.5348421335220337,-0.5303694009780884,-0.5260046720504761,-0.5223945379257202,-0.44334834814071655,-0.4477013349533081,-0.45126092433929443,-0.4547869563102722,-0.4582788348197937,-0.46173620223999023,-0.46525588631629944,-0.4686439037322998,-0.47199487686157227,-0.47540539503097534,-0.47868290543556213,-0.4817027449607849,-0.4849144518375397,-0.4881049394607544,-0.4913179874420166,-0.49451181292533875
-0.6817138195037842,-0.6793190240859985,-0.6769605875015259,-0.674614429473877,-0.6722466349601746,-0.6697915196418762,-0.6672457456588745,-0.6647002696990967,-0.6620484590530396,-0.6593243479728699,-0.6565915942192078,-0.653805136680603,-0.6509605646133423,-0.6480528116226196,-0.6449894905090332,-0.6419376134872437,-0.6388476490974426,-0.6355767250061035,-0.6323590874671936,-0.6290560960769653,-0.6257044672966003,-0.6223046183586121,-0.6188331842422485,-0.6151881217956543,-0.6115875244140625,-0.6079388856887817,-0.6041187047958374,-0.6003464460372925,-0.5965049266815186,-0.5926089286804199,-0.588672399520874,-0.584564208984375,-0.5805211067199707,-0.5764304399490356,-0.572234034538269,-0.5675442218780518,-0.5633494853973389,-0.559135377407074,-0.5549009442329407,-0.5506220459938049,-0.5462263822555542,-0.5419133901596069
-0.7104231119155884,-0.7100764513015747,-0.7096805572509766,-0.7092746496200562,-0.7087829113006592,-0.7081716060638428,-0.7074136734008789,-0.7065171003341675,-0.7054722309112549,-0.7043541669845581,-0.7031564712524414,-0.7018395662307739,-0.7004810571670532,-0.6989759206771851,-0.6973044872283936,-0.6954710483551025,-0.6934952735900879,-0.6913815140724182,-0.6892369985580444,-0.6869596242904663,-0.6845553517341614,-0.6821814775466919,-0.6798282861709595,-0.677484393119812,-0.6751049757003784,-0.6726146936416626,-0.6701033711433411,-0.6675562858581543,-0.6648644804954529,-0.6621771454811096,-0.6594449877738953,-0.6566604375839233,-0.653818666934967,-0.6509138345718384,-0.6478530168533325,-0.6448163390159607,-0.6417173743247986,-0.6384605169296265,-0.6352312564849854,-0.6319394111633301,-0.6285738348960876,-0.6251596212387085
-0.7139263153076172,-0.7142897248268127,-0.7146135568618774,-0.7148796319961548,-0.7151200771331787,-0.7153405547142029,-0.7155110836029053,-0.7156455516815186,-0.715752124786377,-0.7157901525497437,-0.7157782316207886,-0.7156820297241211,-0.7155166864395142,-0.7153173685073853,-0.715072751045227,-0.71476811170578,-0.7144251465797424,-0.714077889919281,-0.7137566208839417,-0.71344393491745,-0.7131377458572388,-0.7128077149391174,-0.7124286890029907,-0.7120442390441895,-0.7115744352340698,-0.7109798192977905,-0.7102283239364624,-0.7093292474746704,-0.7082765102386475,-0.7071482539176941,-0.7059399485588074,-0.7046079635620117,-0.7032214403152466,-0.7017173171043396,-0.7000443935394287,-0.6982176303863525,-0.6962414383888245,-0.6941414475440979,-0.6920109391212463,-0.6897629499435425,-0.6873769760131836,-0.6850067377090454
-0.7014095783233643,-0.7024555206298828,-0.7034996747970581,-0.7044773697853088,-0.705459713935852,-0.7063884735107422,-0.7072847485542297,-0.7081789970397949,-0.709058403968811,-0.709884762763977,-0.7106691598892212,-0.7114498019218445,-0.7121874094009399,-0.7128836512565613,-0.7135359644889832,-0.7141343355178833,-0.7147011756896973,-0.7152324914932251,-0.7156929969787598,-0.7161393761634827,-0.716536819934845,-0.7169183492660522,-0.7172577381134033,-0.7175365686416626,-0.71778804063797,-0.7180190086364746,-0.7181998491287231,-0.7183455228805542,-0.7184621095657349,-0.7185181379318237,-0.7184948325157166,-0.7183936238288879,-0.7182308435440063,-0.7180206179618835,-0.7177643775939941,-0.717442512512207,-0.717082142829895,-0.7167235612869263,-0.7164030075073242,-0.7161019444465637,-0.7158137559890747,-0.7155041694641113
-0.6755878329277039,-0.6772732734680176,-0.6789724826812744,-0.6805918216705322,-0.6821801662445068,-0.6837382316589355,-0.6852664351463318,-0.6868048906326294,-0.688270092010498,-0.6897079944610596,-0.6911603212356567,-0.6925463676452637,-0.6938951015472412,-0.6952338218688965,-0.6965324282646179,-0.697801947593689,-0.6990655064582825,-0.7002817988395691,-0.701454758644104,-0.7026259899139404,-0.7037323713302612,-0.704796314239502,-0.7058483362197876,-0.7068551778793335,-0.7078568339347839,-0.7088030576705933,-0.7097041606903076,-0.7106221318244934,-0.7115137577056885,-0.7123404741287231,-0.7131353616714478,-0.7139353156089783,-0.714681088924408,-0.7153763771057129,-0.7160423994064331,-0.7166570425033569,-0.7172421216964722,-0.7177926301956177,-0.7182718515396118,-0.7187383770942688,-0.7191674709320068,-0.7195565104484558
-0.6375492811203003,-0.639849066734314,-0.6420584917068481,-0.6442409753799438,-0.6463966369628906,-0.6485872268676758,-0.6506905555725098,-0.6527677774429321,-0.6548185348510742,-0.6568504571914673,-0.6589052081108093,-0.6608742475509644,-0.6628165245056152,-0.6647336483001709,-0.6666887998580933,-0.6685489416122437,-0.6703914999961853,-0.6722071170806885,-0.6739951372146606,-0.6758149862289429,-0.6775480508804321,-0.6792508959770203,-0.6809688806533813,-0.6826069951057434,-0.6842143535614014,-0.6857914924621582,-0.6873387098312378,-0.6888969540596008,-0.6903812885284424,-0.6918376684188843,-0.6933079957962036,-0.6947104930877686,-0.69608473777771,-0.6974292397499084,-0.6987428665161133,-0.7000265121459961,-0.7013142108917236,-0.7025351524353027,-0.7037240266799927,-0.7049129605293274,-0.706037163734436,-0.7071294188499451
