public/assets/testData/windData/Z_NAFP_C_CUIT_20230501233200_P_RAMS_100M_CD_UV_0m_202305020000.json
{"header": { "discipline": 0, "disciplineName": "Meteorological products", "gribEdition": 2, "gribLength": 100, "center": 7, "centerName": "US National Weather Service - NCEP(WMC)", "subcenter": 0, "refTime": "2023-05-02 00:00:00", "significanceOfRT": 1, "significanceOfRTName": "Start of forecast", "productStatus": 0, "productStatusName": "Operational products", "productType": 1, "productTypeName": "Forecast products", "productDefinitionTemplate": 0, "productDefinitionTemplateName": "Analysis/forecast at horizontal level/layer at a point in time", "parameterCategory": 2, "parameterCategoryName": "Momentum", "parameterNumber": 2, "parameterNumberName": "U-component_of_wind", "parameterUnit": "m.s-1", "genProcessType": 2, "genProcessTypeName": "Forecast", "forecastTime": 0, "surface1Type": 103, "surface1TypeName": "Specified height level above ground", "surface1Value": 10.0, "surface2Type": 255, "surface2TypeName": "Missing", "surface2Value": 0.0, "gridDefinitionTemplate": 0, "gridDefinitionTemplateName": "Latitude_Longitude", "numberPoints": 40704, "shape": 6, "shapeName": "Earth spherical with radius of 6,371,229.0 m", "gridUnits": "degrees", "resolution": 48, "winds": "true", "scanMode": 0, "nx": 192, "ny": 212, "basicAngle": 0, "subDivisions": 0, "height": 0, "lo1": 103.84505462646484, "la1": 30.6503963470459, "lo2": 104.06537628173828, "la2": 30.478517532348633, "dx": 0.0011475086212158203, "dy": 0.0008107491259304983 }, "data":
[rows 133 to 151 of 212, columns 126 to 167 of 192]
-0.555303156375885,-0.5610976219177246,-0.5669370889663696,-0.5727618932723999,-0.5786652565002441,-0.5845699310302734,-0.5903813242912292,-0.5962694883346558,-0.6021488904953003,-0.607934296131134,-0.6137099266052246,-0.6194754838943481,-0.6253153085708618,-0.6311453580856323,-0.6368812322616577,-0.642690122127533,-0.6484874486923218,-0.6541887521743774,-0.6598690748214722,-0.665536642074585,-0.6712814569473267,-0.6770106554031372,-0.682640790939331,-0.6883280873298645,-0.6939989924430847,-0.699580192565918,-0.7051535844802856,-0.7107821702957153,-0.7163839340209961,-0.7218942046165466,-0.727465033531189,-0.733015775680542,-0.7384663820266724,-0.7438973784446716,-0.7493085265159607,-0.7547779083251953,-0.7602254748344421,-0.7655713558197021,-0.770893931388855,-0.7762702703475952,-0.781623125076294,-0.7868752479553223
-1.0815541744232178,-1.0794124603271484,-1.0771942138671875,-1.0749317407608032,-1.0726580619812012,-1.0703129768371582,-1.0679244995117188,-1.0655205249786377,-1.0630507469177246,-1.0630507469177246,-0.49377188086509705,-0.49988874793052673,-0.5059056282043457,-0.5118201971054077,-0.5177181959152222,-0.5236078500747681,-0.5295833945274353,-0.5355496406555176,-0.5414203405380249,-0.5473666191101074,-0.5532535314559937,-0.5590474009513855,-0.5648854374885559,-0.570717453956604,-0.5766195058822632,-0.5825143456459045,-0.5883249044418335,-0.5942124128341675,-0.6000913381576538,-0.6058675050735474,-0.6116340756416321,-0.6173993349075317,-0.6232477426528931,-0.6290777921676636,-0.6348050832748413,-0.64061439037323,-0.6464121341705322,-0.6521139144897461,-0.6578034162521362,-0.6634801030158997,-0.6692255735397339,-0.6749470829963684
-1.1131770610809326,-1.1119869947433472,-1.1107369661331177,-1.109452724456787,-1.1081171035766602,-1.1067097187042236,-1.1052582263946533,-1.1037771701812744,-1.1022168397903442,-1.1006070375442505,-1.0989714860916138,-1.0972881317138672,-1.095557451248169,-1.0937530994415283,-1.0919017791748047,-1.0900375843048096,-1.0880992412567139,-1.0861082077026367,-1.0841070413589478,-1.0820623636245728,-1.0799678564071655,-1.0777970552444458,-1.0755815505981445,-1.0733537673950195,-1.071048617362976,-1.0687060356140137,-1.0663535594940186,-1.0639517307281494,-1.0614808797836304,-1.0614808797836304,-0.491743266582489,-0.49777019023895264,-0.5037766098976135,-0.5097755789756775,-0.5156805515289307,-0.5215773582458496,-0.5275513529777527,-0.5335161685943604,-0.5393768548965454,-0.5453132390975952,-0.5511997938156128,-0.5569932460784912
-1.1233420372009277,-1.1233179569244385,-1.123231291770935,-1.1230835914611816,-1.122870922088623,-1.1225965023040771,-1.122265100479126,-1.1218740940093994,-1.1214239597320557,-1.1209152936935425,-1.1203396320343018,-1.1197056770324707,-1.119030475616455,-1.1182870864868164,-1.1174800395965576,-1.1166284084320068,-1.1157217025756836,-1.114745855331421,-1.1137150526046753,-1.1126447916030884,-1.1115214824676514,-1.1103273630142212,-1.1090803146362305,-1.1078062057495117,-1.1064739227294922,-1.1050697565078735,-1.103621482849121,-1.1021440029144287,-1.1005938053131104,-1.098973274230957,-1.0973339080810547,-1.095667839050293,-1.0939475297927856,-1.092146635055542,-1.0902988910675049,-1.088431477546692,-1.0864896774291992,-1.0845022201538086,-1.0825060606002808,-1.0804661512374878,-1.0783815383911133,-1.0762202739715576
-1.1081962585449219,-1.1095128059387207,-1.1107568740844727,-1.1119105815887451,-1.1130151748657227,-1.1140553951263428,-1.1150364875793457,-1.115949273109436,-1.1167795658111572,-1.1175529956817627,-1.1182589530944824,-1.118887186050415,-1.1194493770599365,-1.1199454069137573,-1.1203811168670654,-1.1207510232925415,-1.1210530996322632,-1.1212897300720215,-1.1214579343795776,-1.1215627193450928,-1.1216046810150146,-1.1215829849243164,-1.1214985847473145,-1.121353268623352,-1.1211429834365845,-1.1208710670471191,-1.120542049407959,-1.120160698890686,-1.119720458984375,-1.1192214488983154,-1.1186484098434448,-1.1180099248886108,-1.1173372268676758,-1.1165966987609863,-1.1157925128936768,-1.1149437427520752,-1.1140401363372803,-1.1130670309066772,-1.11203932762146,-1.1109720468521118,-1.1098344326019287,-1.1086435317993164
-1.0677015781402588,-1.070164680480957,-1.072608470916748,-1.0749967098236084,-1.0772945880889893,-1.0795693397521973,-1.0817877054214478,-1.0839245319366455,-1.0859971046447754,-1.088012456893921,-1.0900055170059204,-1.0919321775436401,-1.0937719345092773,-1.095578908920288,-1.0973262786865234,-1.0989959239959717,-1.1006057262420654,-1.1021473407745361,-1.103641390800476,-1.1050808429718018,-1.1064438819885254,-1.1077543497085571,-1.1090002059936523,-1.1101634502410889,-1.111262559890747,-1.112297534942627,-1.1132805347442627,-1.1141953468322754,-1.115027904510498,-1.1158032417297363,-1.1165108680725098,-1.117140769958496,-1.1177043914794922,-1.1182019710540771,-1.1186392307281494,-1.1190105676651,-1.119314193725586,-1.1195526123046875,-1.1197302341461182,-1.1198444366455078,-1.1198811531066895,-1.1198546886444092
-1.0053210258483887,-1.0088417530059814,-1.012314796447754,-1.0156900882720947,-1.0190186500549316,-1.0223002433776855,-1.0255812406539917,-1.0288137197494507,-1.0319502353668213,-1.035045862197876,-1.038128137588501,-1.0411518812179565,-1.0440888404846191,-1.0469756126403809,-1.049811601638794,-1.0526363849639893,-1.0554168224334717,-1.0581042766571045,-1.0607694387435913,-1.063373327255249,-1.0658931732177734,-1.0683667659759521,-1.0708134174346924,-1.073204755783081,-1.0755054950714111,-1.0777828693389893,-1.0800034999847412,-1.0821348428726196,-1.0842094421386719,-1.0862267017364502,-1.08821439743042,-1.090143084526062,-1.0919923782348633,-1.0938010215759277,-1.0955424308776855,-1.0972061157226562,-1.098809838294983,-1.1003528833389282,-1.101855993270874,-1.1032967567443848,-1.1046535968780518,-1.105973243713379
-0.9247422218322754,-0.9290189146995544,-0.9332586526870728,-0.9375226497650146,-0.9417487382888794,-0.9458754062652588,-0.9500241279602051,-0.9541339874267578,-0.9581446051597595,-0.9621152877807617,-0.9660449624061584,-0.9699904322624207,-0.9738960862159729,-0.977706789970398,-0.9815353155136108,-0.9853246212005615,-0.9890176653862,-0.9926681518554688,-0.996275782585144,-0.999891996383667,-1.0034630298614502,-1.006986141204834,-1.010461688041687,-1.013839602470398,-1.0171706676483154,-1.0204546451568604,-1.023738145828247,-1.0269732475280762,-1.0301125049591064,-1.0332026481628418,-1.0362873077392578,-1.0393215417861938,-1.0422608852386475,-1.045149803161621,-1.0480291843414307,-1.050856351852417,-1.053590178489685,-1.056311011314392,-1.0589789152145386,-1.0615546703338623,-1.0640771389007568,-1.0665459632873535
-0.8292580246925354,-0.8342719078063965,-0.8392549753189087,-0.844207763671875,-0.8490583896636963,-0.8538792133331299,-0.8586701154708862,-0.8634999394416809,-0.8682893514633179,-0.8729763031005859,-0.8777070045471191,-0.8824040293693542,-0.8869991898536682,-0.8915612697601318,-0.8960897922515869,-0.9006500244140625,-0.9051754474639893,-0.909591555595398,-0.9139726161956787,-0.9183986186981201,-0.922788143157959,-0.9270687699317932,-0.9313041567802429,-0.9355721473693848,-0.9398106336593628,-0.9439413547515869,-0.9480860233306885,-0.9521918296813965,-0.9562065601348877,-0.960189700126648,-0.964131772518158,-0.9680734872817993,-0.9719752073287964,-0.9757897257804871,-0.9796217083930969,-0.9834221601486206,-0.9871178865432739,-0.9907628893852234,-0.994425356388092,-0.9980440139770508,-1.0015652179718018,-1.0050907135009766
-0.7220744490623474,-0.7275211811065674,-0.7329480648040771,-0.7383544445037842,-0.7438178658485413,-0.7492585182189941,-0.7545970678329468,-0.759989857673645,-0.7653591632843018,-0.7706277370452881,-0.7758734822273254,-0.7810956239700317,-0.7863682508468628,-0.7916128635406494,-0.7967441082000732,-0.8019219636917114,-0.8070806264877319,-0.812137246131897,-0.817166805267334,-0.8221685290336609,-0.8272146582603455,-0.8322314620018005,-0.8372174501419067,-0.8421732187271118,-0.8470268249511719,-0.8518506288528442,-0.8566444516181946,-0.8614773750305176,-0.8662784099578857,-0.8709769248962402,-0.8757108449935913,-0.8804112672805786,-0.8850097060203552,-0.8895750641822815,-0.8941069841384888,-0.8986707925796509,-0.9031996726989746,-0.9076193571090698,-0.9120041728019714,-0.9164339900016785,-0.9208273887634277,-0.9251118898391724
-0.6065779328346252,-0.6124078035354614,-0.618228554725647,-0.6239551305770874,-0.6297546029090881,-0.635542094707489,-0.6412245631217957,-0.6469030976295471,-0.6525777578353882,-0.658313512802124,-0.6640363335609436,-0.6697362065315247,-0.6754212379455566,-0.6810173988342285,-0.6865980625152588,-0.6921539306640625,-0.6977821588516235,-0.7033909559249878,-0.708889901638031,-0.7144666910171509,-0.7200146913528442,-0.7254539728164673,-0.7308820486068726,-0.7362897396087646,-0.7417544722557068,-0.7471964955329895,-0.7525364756584167,-0.7579308152198792,-0.7633016705513,-0.7685716152191162,-0.773818850517273,-0.7790426015853882,-0.7843167781829834,-0.7895632982254028,-0.7947052717208862,-0.7998940944671631,-0.8050551414489746,-0.8101143836975098,-0.8151465654373169,-0.8201509714126587,-0.8251999020576477,-0.8302195072174072
-0.4873110055923462,-0.4932944178581238,-0.49918466806411743,-0.5050675272941589,-0.5109426975250244,-0.516895592212677,-0.5228398442268372,-0.5286804437637329,-0.5345594882965088,-0.5404393672943115,-0.5462654829025269,-0.5520855188369751,-0.5578910112380981,-0.5637854337692261,-0.5696830749511719,-0.5755563974380493,-0.5814224481582642,-0.5872040390968323,-0.5929767489433289,-0.5987404584884644,-0.6044951677322388,-0.6103251576423645,-0.6161460876464844,-0.6218729019165039,-0.6276724338531494,-0.6334601640701294,-0.6391516327857971,-0.6448304057121277,-0.6504878997802734,-0.656215488910675,-0.6619475483894348,-0.6676567196846008,-0.6733425259590149,-0.6789393424987793,-0.6845207810401917,-0.6900863647460938,-0.6957065463066101,-0.701316237449646,-0.7068336009979248,-0.7124027013778687,-0.7179429531097412,-0.7233920097351074
-1.0806941986083984,-1.078921914100647,-1.0771286487579346,-1.075262427330017,-1.073350429534912,-1.0714209079742432,-1.069464921951294,-1.0674644708633423,-1.0653698444366455,-1.0632359981536865,-1.0610871315002441,-1.0588535070419312,-1.0565743446350098,-1.0542830228805542,-1.0519542694091797,-1.049574375152588,-1.0470646619796753,-1.0470646619796753,-0.4731793999671936,-0.4792528748512268,-0.4852405786514282,-0.4912218749523163,-0.4971102178096771,-0.5029913187026978,-0.5088560581207275,-0.5148075819015503,-0.5207505822181702,-0.52659010887146,-0.532477617263794,-0.5383574366569519,-0.5441831350326538,-0.550002932548523,-0.5558171272277832,-0.561711311340332,-0.5675999522209167,-0.573397159576416,-0.5792632102966309,-0.5851209759712219,-0.5908937454223633,-0.596657395362854,-0.602412223815918,-0.608242392539978
-1.1035332679748535,-1.1028215885162354,-1.1020534038543701,-1.1012294292449951,-1.1003365516662598,-1.0993889570236206,-1.098400592803955,-1.0973429679870605,-1.0962388515472412,-1.0950971841812134,-1.093895673751831,-1.092642068862915,-1.0913171768188477,-1.0899410247802734,-1.088533639907837,-1.0870546102523804,-1.0855259895324707,-1.0839707851409912,-1.0823683738708496,-1.0807015895843506,-1.0789874792099,-1.0772440433502197,-1.0754547119140625,-1.073592185974121,-1.0716838836669922,-1.0697581768035889,-1.067807674407959,-1.065812587738037,-1.063721776008606,-1.061584711074829,-1.0594394207000732,-1.0572160482406616,-1.0549402236938477,-1.0526589155197144,-1.0503331422805786,-1.047921061515808,-1.0454120635986328,-1.0454120635986328,-0.47111478447914124,-0.47718292474746704,-0.48308220505714417,-0.4890613257884979
-1.1034882068634033,-1.1040064096450806,-1.1044585704803467,-1.104838490486145,-1.1051576137542725,-1.1054120063781738,-1.1055982112884521,-1.1057212352752686,-1.1057817935943604,-1.1057794094085693,-1.1057143211364746,-1.1055854558944702,-1.1053954362869263,-1.105148196220398,-1.1048427820205688,-1.1044795513153076,-1.104066014289856,-1.1035869121551514,-1.1030423641204834,-1.1024391651153564,-1.101778507232666,-1.1010701656341553,-1.1003053188323975,-1.0994846820831299,-1.0985952615737915,-1.0976510047912598,-1.0966660976409912,-1.0956120491027832,-1.0945039987564087,-1.0933583974838257,-1.0921673774719238,-1.0909241437911987,-1.0896024703979492,-1.0882221460342407,-1.086817979812622,-1.0853493213653564,-1.0838310718536377,-1.0822792053222656,-1.0806803703308105,-1.079017162322998,-1.0772995948791504,-1.0755598545074463
-1.077453851699829,-1.0792794227600098,-1.0810179710388184,-1.0826964378356934,-1.0843147039413452,-1.085871934890747,-1.0873887538909912,-1.0888429880142212,-1.0902129411697388,-1.091538667678833,-1.092800259590149,-1.0939791202545166,-1.0950939655303955,-1.096144199371338,-1.0971430540084839,-1.098073959350586,-1.0989339351654053,-1.0997252464294434,-1.1004371643066406,-1.1010825634002686,-1.1016616821289062,-1.1021819114685059,-1.1026358604431152,-1.103017807006836,-1.1033391952514648,-1.1035956144332886,-1.103791356086731,-1.103924036026001,-1.1039865016937256,-1.1039862632751465,-1.1039233207702637,-1.1038038730621338,-1.103623628616333,-1.1033787727355957,-1.1030762195587158,-1.1027159690856934,-1.1022979021072388,-1.1018145084381104,-1.101273536682129,-1.1006832122802734,-1.1000261306762695,-1.0993115901947021
-1.0272462368011475,-1.0301557779312134,-1.0330557823181152,-1.0359036922454834,-1.038657784461975,-1.0413988828659058,-1.0440866947174072,-1.0466818809509277,-1.0492234230041504,-1.051711082458496,-1.054179310798645,-1.0566000938415527,-1.0589220523834229,-1.0612126588821411,-1.0634623765945435,-1.065622329711914,-1.0677096843719482,-1.0697765350341797,-1.0717926025390625,-1.0737125873565674,-1.075600504875183,-1.0774283409118652,-1.0791690349578857,-1.0808494091033936,-1.0824692249298096,-1.0840283632278442,-1.0855472087860107,-1.087003231048584,-1.0883748531341553,-1.0897021293640137,-1.0909655094146729,-1.0921459197998047,-1.0932624340057373,-1.0943289995193481,-1.0953295230865479,-1.0962474346160889,-1.0971088409423828,-1.0979020595550537,-1.0986156463623047,-1.0992624759674072,-1.0998435020446777,-1.1003656387329102
-0.9565032720565796,-0.9603537321090698,-0.9642106294631958,-0.9680253267288208,-0.9717416763305664,-0.9754146337509155,-0.9790437817573547,-0.9826891422271729,-0.9862725734710693,-0.9898084402084351,-0.9933140873908997,-0.9967138767242432,-1.0000669956207275,-1.003365159034729,-1.0066713094711304,-1.009936809539795,-1.013106107711792,-1.0162267684936523,-1.019334316253662,-1.022391676902771,-1.025354027748108,-1.0282659530639648,-1.0311684608459473,-1.0340189933776855,-1.036775827407837,-1.0395193099975586,-1.042209506034851,-1.044806957244873,-1.0473508834838867,-1.049841046333313,-1.052311897277832,-1.0547269582748413,-1.0570510625839233,-1.059352159500122,-1.0615962743759155,-1.0637507438659668,-1.0658481121063232,-1.0679173469543457,-1.0699279308319092,-1.0718504190444946,-1.0737406015396118,-1.0755705833435059
-0.8688993453979492,-0.8734925389289856,-0.8780525922775269,-0.8826453685760498,-0.8872036933898926,-0.8916525840759277,-0.8960667848587036,-0.9005184173583984,-0.9049426317214966,-0.9092661142349243,-0.9135360717773438,-0.9177690744400024,-0.9220345616340637,-0.9262619018554688,-0.9304491877555847,-0.9345972537994385,-0.938645601272583,-0.9426542520523071,-0.9466228485107422,-0.9506080150604248,-0.9545520544052124,-0.9583976864814758,-0.9622575044631958,-0.9660745859146118,-0.9697930216789246,-0.9734680652618408,-0.9770991802215576,-0.98073810338974,-0.984331488609314,-0.987877368927002,-0.9913767576217651,-0.9947786927223206,-0.9981340169906616,-1.0014424324035645,-1.0047504901885986,-1.0080101490020752,-1.0111732482910156,-1.0142879486083984,-1.0173981189727783,-1.0204577445983887,-1.0234227180480957,-1.0263452529907227
