public/assets/testData/windData/Z_NAFP_C_CUIT_20230501233200_P_RAMS_100M_CD_UV_0m_202305020000.json
{"header": { "discipline": 0, "disciplineName": "Meteorological products", "gribEdition": 2, "gribLength": 100, "center": 7, "centerName": "US National Weather Service - NCEP(WMC)", "subcenter": 0, "refTime": "2023-05-02 00:00:00", "significanceOfRT": 1, "significanceOfRTName": "Start of forecast", "productStatus": 0, "productStatusName": "Operational products", "productType": 1, "productTypeName": "Forecast products", "productDefinitionTemplate": 0, "productDefinitionTemplateName": "Analysis/forecast at horizontal level/layer at a point in time", "parameterCategory": 2, "parameterCategoryName": "Momentum", "parameterNumber": 2, "parameterNumberName": "U-component_of_wind", "parameterUnit": "m.s-1", "genProcessType": 2, "genProcessTypeName": "Forecast", "forecastTime": 0, "surface1Type": 103, "surface1TypeName": "Specified height level above ground", "surface1Value": 10.0, "surface2Type": 255, "surface2TypeName": "Missing", "surface2Value": 0.0, "gridDefinitionTemplate": 0, "gridDefinitionTemplateName": "Latitude_Longitude", "numberPoints": 40704, "shape": 6, "shapeName": "Earth spherical with radius of 6,371,229.0 m", "gridUnits": "degrees", "resolution": 48, "winds": "true", "scanMode": 0, "nx": 192, "ny": 212, "basicAngle": 0, "subDivisions": 0, "height": 0, "lo1": 103.84505462646484, "la1": 30.6503963470459, "lo2": 104.06537628173828, "la2": 30.478517532348633, "dx": 0.0011475086212158203, "dy": 0.0008107491259304983 }, "data":
[rows 95 to 113 of 212, columns 42 to 83 of 192]
-0.8445748090744019,-0.8497499227523804,-0.8549004793167114,-0.8599509000778198,-0.8650508522987366,-0.8701257705688477,-0.8750945329666138,-0.8800377249717712,-0.8849614858627319,-0.889930248260498,-0.894870400428772,-0.8997097611427307,-0.9045937061309814,-0.9094528555870056,-0.9142168164253235,-0.9189555644989014,-0.9236670136451721,-0.9284180402755737,-0.9331389665603638,-0.9377611875534058,-0.942420482635498,-0.9470481276512146,-0.9515764713287354,-0.9560731053352356,-0.9605371952056885,-0.964968204498291,-0.9693654775619507,-0.9737927913665771,-0.9781852960586548,-0.9825350642204285,-0.9868553876876831,-0.9910830855369568,-0.9952682852745056,-0.9994168281555176,-1.003580927848816,-1.0077061653137207,-1.0117422342300415,-1.0157465934753418,-1.0197782516479492,-1.023776888847351,-1.0276814699172974,-1.0315477848052979
-0.7357809543609619,-0.7413099408149719,-0.7468172311782837,-0.7522958517074585,-0.7578349113464355,-0.7633692622184753,-0.7688036561012268,-0.7742037773132324,-0.7796631455421448,-0.7851090431213379,-0.7904614210128784,-0.7957925796508789,-0.8010883331298828,-0.8064408898353577,-0.8117782473564148,-0.8170150518417358,-0.8222301006317139,-0.8275008201599121,-0.8327499628067017,-0.8379002809524536,-0.8430277109146118,-0.8482068777084351,-0.8533614277839661,-0.858415961265564,-0.8635202646255493,-0.8685997724533081,-0.8735800981521606,-0.8785351514816284,-0.8834643363952637,-0.8884388208389282,-0.8933782577514648,-0.8982170820236206,-0.9031069278717041,-0.9079775810241699,-0.9127516746520996,-0.9174928665161133,-0.9222061634063721,-0.9269587993621826,-0.9316810369491577,-0.9363040924072266,-0.9409576654434204,-0.9455800652503967
-0.6189348697662354,-0.6247825026512146,-0.6306989789009094,-0.6365227103233337,-0.6424130797386169,-0.6482900381088257,-0.6540752053260803,-0.6598464250564575,-0.6656045913696289,-0.671434760093689,-0.6772539615631104,-0.6829770803451538,-0.6887671947479248,-0.6945368051528931,-0.7002006769180298,-0.705843448638916,-0.7114675045013428,-0.7171573638916016,-0.7228232026100159,-0.7283960580825806,-0.7340390086174011,-0.7396548986434937,-0.7451613545417786,-0.7506471872329712,-0.7561208009719849,-0.7616562843322754,-0.767173171043396,-0.7725899815559387,-0.7780658006668091,-0.7835195660591125,-0.7888710498809814,-0.7941999435424805,-0.7994997501373291,-0.804777979850769,-0.8101255297660828,-0.8154497146606445,-0.8206601142883301,-0.825926661491394,-0.8311792016029358,-0.8363330364227295,-0.8414641618728638,-0.8465718030929565
-1.1287150382995605,-1.1264839172363281,-1.1242181062698364,-1.1219456195831299,-1.1196388006210327,-1.1172617673873901,-1.11484956741333,-1.1124380826950073,-1.1100876331329346,-1.1100876331329346,-0.5575381517410278,-0.5637107491493225,-0.5696768164634705,-0.5757161378860474,-0.5817422866821289,-0.587669312953949,-0.59366774559021,-0.599651575088501,-0.6055272817611694,-0.6113874912261963,-0.617164134979248,-0.6230149865150452,-0.6289350986480713,-0.6347626447677612,-0.6406643390655518,-0.6465453505516052,-0.6523345708847046,-0.6581099033355713,-0.6638650894165039,-0.6696996688842773,-0.6755234003067017,-0.6812509298324585,-0.6870456337928772,-0.6928197145462036,-0.6984879970550537,-0.7041349411010742,-0.7097631096839905,-0.7154569625854492,-0.7211339473724365,-0.7267103791236877,-0.7323501110076904,-0.7379711866378784
-1.1625416278839111,-1.161266803741455,-1.1599435806274414,-1.1585866212844849,-1.1571507453918457,-1.1556626558303833,-1.1541446447372437,-1.1525764465332031,-1.1509578227996826,-1.149263620376587,-1.1475238800048828,-1.1457594633102417,-1.143913745880127,-1.1420198678970337,-1.1401054859161377,-1.1381444931030273,-1.1361379623413086,-1.1340564489364624,-1.1318480968475342,-1.129631519317627,-1.1274313926696777,-1.1252014636993408,-1.1229692697525024,-1.120697021484375,-1.1183900833129883,-1.1160180568695068,-1.1136106252670288,-1.1111927032470703,-1.108834981918335,-1.108834981918335,-0.5557518005371094,-0.5619193911552429,-0.5678849220275879,-0.5739239454269409,-0.5799503922462463,-0.5858778953552246,-0.5918771028518677,-0.5978620648384094,-0.6037392616271973,-0.6095937490463257,-0.6153654456138611,-0.6212196350097656
-1.1744154691696167,-1.1743223667144775,-1.1741657257080078,-1.1739461421966553,-1.173661470413208,-1.1733183860778809,-1.1729235649108887,-1.172469973564148,-1.1719574928283691,-1.1713873147964478,-1.1707532405853271,-1.170067310333252,-1.1693167686462402,-1.1685004234313965,-1.1676356792449951,-1.1666929721832275,-1.1656980514526367,-1.1646668910980225,-1.1635751724243164,-1.1624287366867065,-1.1612281799316406,-1.1599551439285278,-1.1586285829544067,-1.1572680473327637,-1.1558339595794678,-1.1543478965759277,-1.152831792831421,-1.151265263557434,-1.1496541500091553,-1.1479623317718506,-1.1462252140045166,-1.1444690227508545,-1.1426262855529785,-1.140735387802124,-1.1388239860534668,-1.1368660926818848,-1.1348626613616943,-1.1327837705612183,-1.1305791139602661,-1.1283659934997559,-1.1261674165725708,-1.1239334344863892
-1.1607651710510254,-1.1619970798492432,-1.1631863117218018,-1.1643142700195312,-1.1653640270233154,-1.1663514375686646,-1.1672816276550293,-1.1681396961212158,-1.1689324378967285,-1.1696653366088867,-1.1703159809112549,-1.170898675918579,-1.1714119911193848,-1.1718497276306152,-1.1722207069396973,-1.172525405883789,-1.1727663278579712,-1.1729395389556885,-1.1730427742004395,-1.1730799674987793,-1.1730519533157349,-1.1729596853256226,-1.172803521156311,-1.1725844144821167,-1.1723003387451172,-1.1719586849212646,-1.1715712547302246,-1.1711199283599854,-1.1706044673919678,-1.1700366735458374,-1.1694107055664062,-1.1687275171279907,-1.1679739952087402,-1.1671600341796875,-1.1662976741790771,-1.1653623580932617,-1.1643694639205933,-1.163334608078003,-1.1622503995895386,-1.161105751991272,-1.1599013805389404,-1.158630132675171
-1.1218476295471191,-1.1242417097091675,-1.126582384109497,-1.128901720046997,-1.131166934967041,-1.1333463191986084,-1.1355092525482178,-1.137618064880371,-1.1396288871765137,-1.1415905952453613,-1.1435035467147827,-1.145380973815918,-1.1471986770629883,-1.1489207744598389,-1.150602102279663,-1.1522314548492432,-1.1537752151489258,-1.1552529335021973,-1.156670331954956,-1.1580455303192139,-1.1593592166900635,-1.1605933904647827,-1.161784052848816,-1.1629130840301514,-1.1639633178710938,-1.1649513244628906,-1.1658759117126465,-1.1667340993881226,-1.1675329208374023,-1.1682606935501099,-1.1689071655273438,-1.1694917678833008,-1.1700074672698975,-1.1704473495483398,-1.170820951461792,-1.171128511428833,-1.1713719367980957,-1.1715474128723145,-1.1716523170471191,-1.1716970205307007,-1.1716761589050293,-1.1715850830078125
-1.0615267753601074,-1.0649477243423462,-1.0683224201202393,-1.0716016292572021,-1.0748347043991089,-1.07802152633667,-1.0812063217163086,-1.0843427181243896,-1.0873868465423584,-1.090385913848877,-1.0933828353881836,-1.0963332653045654,-1.0991928577423096,-1.102003574371338,-1.1047652959823608,-1.1075165271759033,-1.110216498374939,-1.1128249168395996,-1.1154175996780396,-1.1179569959640503,-1.1204063892364502,-1.1228028535842896,-1.1251461505889893,-1.127474308013916,-1.1297420263290405,-1.1319228410720825,-1.1340866088867188,-1.1361892223358154,-1.1382055282592773,-1.1401662826538086,-1.1420719623565674,-1.1439478397369385,-1.1457642316818237,-1.1474919319152832,-1.1491801738739014,-1.1508052349090576,-1.1523451805114746,-1.153825283050537,-1.155245065689087,-1.1566230058670044,-1.1579394340515137,-1.1591756343841553
-0.983271598815918,-0.9874399304389954,-0.991570234298706,-0.9957225918769836,-0.9998387098312378,-1.0038609504699707,-1.007908821105957,-1.0119218826293945,-1.0158395767211914,-1.0197185277938843,-1.0235581398010254,-1.0274137258529663,-1.0312291383743286,-1.034948468208313,-1.038680911064148,-1.0423717498779297,-1.045966625213623,-1.0495190620422363,-1.0530283451080322,-1.056544542312622,-1.0600159168243408,-1.0633912086486816,-1.0667691230773926,-1.0701004266738892,-1.0733367204666138,-1.0765265226364136,-1.0796688795089722,-1.082808494567871,-1.085900902748108,-1.0889028310775757,-1.091902732849121,-1.094855785369873,-1.0977180004119873,-1.1005313396453857,-1.1032955646514893,-1.1060492992401123,-1.1087517738342285,-1.1113625764846802,-1.1139576435089111,-1.1164991855621338,-1.118950605392456,-1.1213493347167969
-0.8905253410339355,-0.8954235911369324,-0.9002900123596191,-0.9050539135932922,-0.9097870588302612,-0.9144894480705261,-0.9192290306091309,-0.923936128616333,-0.9285432696342468,-0.9331883192062378,-0.9378038644790649,-0.9423141479492188,-0.9467928409576416,-0.9512457847595215,-0.9556654691696167,-0.9601162672042847,-0.9645323753356934,-0.968848466873169,-0.9731918573379517,-0.9774987697601318,-0.9817063808441162,-0.985877275466919,-0.9900103807449341,-0.9941656589508057,-0.9982844591140747,-1.0023155212402344,-1.0063650608062744,-1.010372519493103,-1.0142908096313477,-1.0181701183319092,-1.022010087966919,-1.0258657932281494,-1.0296814441680908,-1.0334018468856812,-1.0371360778808594,-1.0408296585083008,-1.044427752494812,-1.0479832887649536,-1.0514960289001465,-1.055016040802002,-1.0584912300109863,-1.0619189739227295
-0.7861369848251343,-0.791459321975708,-0.7968358993530273,-0.8021875023841858,-0.8074381351470947,-0.8127456903457642,-0.8180328607559204,-0.8232210874557495,-0.8283869028091431,-0.8335219621658325,-0.8387084603309631,-0.8438780307769775,-0.8489475846290588,-0.854067325592041,-0.8591625094413757,-0.8641581535339355,-0.8691279888153076,-0.8740714192390442,-0.8790607452392578,-0.8840227127075195,-0.8888834714889526,-0.8937848210334778,-0.8986546397209167,-0.9034219980239868,-0.9081586599349976,-0.9128645658493042,-0.9176077842712402,-0.922318696975708,-0.9269294142723083,-0.9315779805183411,-0.9361966848373413,-0.9407169818878174,-0.9451985359191895,-0.9496471881866455,-0.9540696144104004,-0.958523154258728,-0.9629420638084412,-0.9672608375549316,-0.9716069102287292,-0.9759166836738586,-0.9801269769668579,-0.9843006134033203
-0.6726517677307129,-0.678446888923645,-0.6842206716537476,-0.6898988485336304,-0.6955591440200806,-0.7012032866477966,-0.7069131135940552,-0.7126049995422363,-0.7182796001434326,-0.7239387035369873,-0.7295001745223999,-0.7350450754165649,-0.7405730485916138,-0.7461650967597961,-0.7517411708831787,-0.7572194337844849,-0.7627485990524292,-0.7682514786720276,-0.7736614942550659,-0.7790448665618896,-0.7843886613845825,-0.7897098064422607,-0.7950933575630188,-0.8004523515701294,-0.8057101964950562,-0.8110244274139404,-0.8163177967071533,-0.8215116262435913,-0.8266828060150146,-0.8318230509757996,-0.8370147943496704,-0.8421894311904907,-0.8472639322280884,-0.8523881435394287,-0.8574872016906738,-0.8624861240386963,-0.8674590587615967,-0.872405469417572,-0.8773974776268005,-0.8823620080947876,-0.8872252702713013,-0.8921295404434204
-0.5531343221664429,-0.5591709017753601,-0.5651969909667969,-0.5711263418197632,-0.5770441889762878,-0.5830357074737549,-0.5890148878097534,-0.5948954820632935,-0.6007065176963806,-0.6065077781677246,-0.612444281578064,-0.6183737516403198,-0.6242010593414307,-0.6301019191741943,-0.6359983086585999,-0.6417980194091797,-0.6475863456726074,-0.6533559560775757,-0.659199595451355,-0.6650396585464478,-0.6707807779312134,-0.6765865087509155,-0.6823713779449463,-0.6880531311035156,-0.693717360496521,-0.6993656158447266,-0.7050798535346985,-0.7107764482498169,-0.7164558172225952,-0.7221193313598633,-0.727684736251831,-0.7332334518432617,-0.7387651801109314,-0.7443608045578003,-0.7499325275421143,-0.7554062604904175,-0.7609466314315796,-0.7664614319801331,-0.7718689441680908,-0.7772506475448608,-0.7826085090637207,-0.7879440188407898
-1.1318352222442627,-1.129991054534912,-1.1281003952026367,-1.1261632442474365,-1.124150276184082,-1.1220964193344116,-1.1199696063995361,-1.117771029472351,-1.1155920028686523,-1.1134006977081299,-1.111171841621399,-1.1089050769805908,-1.1065716743469238,-1.1041996479034424,-1.101818561553955,-1.099362850189209,-1.0969449281692505,-1.0969449281692505,-0.5391828417778015,-0.5453004240989685,-0.5512518882751465,-0.557287335395813,-0.5633125901222229,-0.5692412257194519,-0.5751585960388184,-0.5811499357223511,-0.5871289968490601,-0.5930018424987793,-0.5988073348999023,-0.6046109795570374,-0.6105477809906006,-0.6164774894714355,-0.6223131418228149,-0.6282227039337158,-0.6341202259063721,-0.6399213671684265,-0.6457113027572632,-0.6514825820922852,-0.6573280096054077,-0.6631700992584229,-0.6689133644104004,-0.6747216582298279
-1.1567684412002563,-1.1559770107269287,-1.1551141738891602,-1.154193639755249,-1.1532294750213623,-1.152209997177124,-1.1511420011520386,-1.1500134468078613,-1.148813009262085,-1.1475646495819092,-1.1462748050689697,-1.1449122428894043,-1.143497347831726,-1.1420507431030273,-1.1405534744262695,-1.1390058994293213,-1.137390375137329,-1.1357247829437256,-1.1340277194976807,-1.132256269454956,-1.1304361820220947,-1.1285943984985352,-1.1267060041427612,-1.1247715950012207,-1.1227610111236572,-1.1207094192504883,-1.1185956001281738,-1.1164040565490723,-1.1142213344573975,-1.1120314598083496,-1.1098034381866455,-1.1075034141540527,-1.105170488357544,-1.1028332710266113,-1.100452184677124,-1.0979962348937988,-1.095572829246521,-1.095572829246521,-0.5372902154922485,-0.5434025526046753,-0.5493605136871338,-0.5553948283195496
-1.15842604637146,-1.1588795185089111,-1.1592669486999512,-1.15958833694458,-1.159846544265747,-1.1600382328033447,-1.1601617336273193,-1.1602197885513306,-1.1602121591567993,-1.1601413488388062,-1.1600074768066406,-1.1598076820373535,-1.1595457792282104,-1.1592330932617188,-1.1588549613952637,-1.1584107875823975,-1.1579132080078125,-1.1573567390441895,-1.1567416191101074,-1.1560578346252441,-1.1553153991699219,-1.1545252799987793,-1.153664231300354,-1.1527457237243652,-1.151789665222168,-1.1507785320281982,-1.1497066020965576,-1.1485804319381714,-1.1473822593688965,-1.146129846572876,-1.1448423862457275,-1.1434822082519531,-1.1420695781707764,-1.140625238418579,-1.1391363143920898,-1.1375911235809326,-1.1359717845916748,-1.1343085765838623,-1.1326141357421875,-1.1308449506759644,-1.1290273666381836,-1.1271880865097046
-1.1338255405426025,-1.1355595588684082,-1.1372584104537964,-1.138897180557251,-1.1404519081115723,-1.1419469118118286,-1.1433818340301514,-1.144775390625,-1.1461071968078613,-1.147357702255249,-1.1485629081726074,-1.1497050523757935,-1.1507737636566162,-1.1517794132232666,-1.152714729309082,-1.15358304977417,-1.1543927192687988,-1.155132532119751,-1.155792236328125,-1.1563915014266968,-1.1569223403930664,-1.1573776006698608,-1.157766342163086,-1.1580893993377686,-1.1583493947982788,-1.1585429906845093,-1.1586687564849854,-1.1587293148040771,-1.1587305068969727,-1.1586623191833496,-1.158524990081787,-1.158334493637085,-1.1580817699432373,-1.1577653884887695,-1.1573827266693115,-1.15693998336792,-1.1564435958862305,-1.1558880805969238,-1.1552741527557373,-1.154591679573059,-1.1538503170013428,-1.1530613899230957
-1.0854382514953613,-1.0882787704467773,-1.0910632610321045,-1.0938308238983154,-1.096552848815918,-1.0991878509521484,-1.1018054485321045,-1.1043610572814941,-1.1068251132965088,-1.1092357635498047,-1.1115928888320923,-1.1139284372329712,-1.116208553314209,-1.1184003353118896,-1.1205674409866333,-1.122678279876709,-1.1247014999389648,-1.1266685724258423,-1.1285789012908936,-1.1304583549499512,-1.1322791576385498,-1.13401460647583,-1.1357152462005615,-1.1373556852340698,-1.1389122009277344,-1.140408992767334,-1.141845703125,-1.1432411670684814,-1.1445746421813965,-1.1458266973495483,-1.14703369140625,-1.1481775045394897,-1.1492412090301514,-1.1502418518066406,-1.1511850357055664,-1.152066707611084,-1.1528780460357666,-1.1536140441894531,-1.1542750597000122,-1.1548759937286377,-1.1554083824157715,-1.15586519241333
